{"klaster": 10, "silhouette": 0.003973959119230439, "w": 2, "max_iterasi": 100, "threshold": 1e-05, "partition_coefficient": 0.10000000000472377, "partition_entropy": 3.3219280948532903, "u_awal": [[0.09456341450343586, 0.016595657026434202, 0.0804453509134177, 0.038353485563334434, 0.12690149184364152, 0.04377830510003231, 0.06519181768021519, 0.06412782462010351, 0.3197361584329432, 0.15030649431644222], [0.15893834206552923, 0.13497754614183308, 0.029472500084396135, 0.06773784902203302, 0.08153114719098312, 0.16876362515612237, 0.05445069161607053, 0.22808774800973133, 0.07468750652445867, 0.0013530441888426616], [0.20473657778869533, 0.12537053822031646, 0.15501884460006368, 0.07277784681024758, 0.014553393706566506, 0.01247207979817411, 0.270792108387652, 0.02237976445093236, 0.11290235097452697, 0.008996495262825062], [0.07601654701204545, 0.018597769232363462, 0.18052922331689208, 0.04354654061240465, 0.15656163343878612, 0.03868014678045237, 0.018081775283547503, 0.13342620988903692, 0.20756269844608952, 0.12699745598838189], [0.20404593752751904, 0.06324867395875076, 0.1589505394879236, 0.13797185030802847, 0.10397542079357175, 0.08483477100383581, 0.10274045076984088, 0.012372159341706938, 0.12829708666915485, 0.0035631101396677144], [0.007964125259912287, 0.014696988769394093, 0.048735684432154605, 0.15708622730604577, 0.08501593205063032, 0.1367824919746952, 0.07796218078844513, 0.1558767570934162, 0.08907265739191231, 0.22680695493339412], [0.18338130502628944, 0.21069354037311958, 0.1289393132613619, 0.028784451278698702, 0.08925631979680844, 0.009934746051350718, 0.0771952022110755, 0.15432056028366153, 0.08316169317095415, 0.03433286854668003], [0.08005517645346778, 0.08711702726524416, 0.003921433094667847, 0.18592083852244373, 0.04624384686236749, 0.03344793122488875, 0.11835986247267184, 0.1084521276722308, 0.13796622749199908, 0.19851552894001845], [0.023171895915285925, 0.08374175131388488, 0.06969342434269679, 0.21554225069145835, 0.022523504615084212, 0.06914011364395725, 0.09129189797137531, 0.16982262473826518, 0.031678537160111764, 0.22339399960788042], [0.0973002488021584, 0.10360940327094445, 0.09319620558838547, 0.17585599262288457, 0.12741038641168553, 0.13012557208903233, 0.023126911378078083, 0.07057663024720928, 0.06723258045178272, 0.11156606913783923], [0.08697085094398284, 0.1166223551466, 0.087795564323862, 0.09627284554000329, 0.056846019976551795, 0.18589731808736848, 0.21177723628064496, 0.06495030830676397, 0.027147586860232168, 0.06571991453399027], [0.11085962254998723, 0.08249800278187172, 0.06769694679192648, 0.13743459658782112, 0.1177687491525496, 0.07600709013823889, 0.14268700324364395, 0.09493070303514675, 0.07442624550369617, 0.09569104021511801], [0.07625658599435992, 0.0047810229516016016, 0.07129054811977682, 0.13285305209994414, 0.11710640957698058, 0.0018242366258658066, 0.2035719068474099, 0.04671458047399173, 0.20376538883548845, 0.14183626847458095], [0.10488349749268538, 0.13000046519965278, 0.07766115453827162, 0.03164904406631471, 0.29035333528044854, 0.047638301143790515, 0.1291823175684893, 0.037182051267657466, 0.06016687159424482, 0.09128296184844469], [0.12919538583412069, 0.03770090676159304, 0.14589808786910613, 0.09331144951575604, 0.07574413593905667, 0.1778625177709394, 0.11509039286359309, 0.08908276874277445, 0.1258944398910889, 0.010219914811971752], [0.007806181900376746, 0.13499410414216242, 0.05356141374602858, 0.0192457234529766, 0.17421095408731183, 0.0855886717825767, 0.025654445217546205, 0.07270389325402771, 0.08687574799679161, 0.3393588644202016], [0.19630935332031046, 0.008000101198491434, 0.06477745636586175, 0.021994944106507205, 0.030780388213654072, 0.06508152910462783, 0.155798150715933, 0.14608034325981714, 0.2430273337048639, 0.06815040000993314], [0.010419616733106303, 0.16582557386266134, 0.3271778388884671, 0.02180041695459005, 0.07006088362815864, 0.029887965867185926, 0.15707720719097834, 0.0124493084841776, 0.14740013749106326, 0.05790105089961144], [0.010785107456832924, 0.11610273065864501, 0.13664018659437255, 0.0790656533787266, 0.031516627826041636, 0.02782199662021147, 0.028552718588208226, 0.37719720672650175, 0.09513281690263936, 0.0971849552478204], [0.02418117860934271, 0.026222895917524035, 0.06285969288819235, 0.3199269631979553, 0.33584231844421264, 0.01693515964971256, 0.03763657275558889, 0.050854863685203, 0.08185910124221213, 0.043681253610056474], [0.012637526653525308, 0.034528626841708064, 0.00546270397138511, 0.25261754189311136, 0.05410492500396345, 0.09310849008596457, 0.054892817601628875, 0.12083996468962735, 0.1120566308785054, 0.2597507723805804], [0.07960620461348064, 0.032804311051944555, 0.0856293327354781, 0.046579834330173736, 0.2139682920306127, 0.023260970866802108, 0.20922492730870523, 0.2417356943010037, 0.03569455695037634, 0.031495875811422915], [0.19555689305720456, 0.2005365368744798, 0.008616595360135707, 0.010179853208367232, 0.08667141490437802, 0.08093024105419683, 0.021780981987108896, 0.08867963203719033, 0.031293698567982135, 0.27575415294895644], [0.06222347422938526, 0.2236144808593999, 0.14214327695074844, 0.023184881715277696, 0.06025722577564755, 0.012196850521432986, 0.06719757093378931, 0.23410895874833837, 0.10427252639073539, 0.0708007538752451], [0.058009411303928275, 0.08397394061376774, 0.1281161662877885, 0.030531780468457063, 0.09842658633875791, 0.09800080834336912, 0.10917553479523684, 0.12064074041625496, 0.20543576535409702, 0.06768926607834257], [0.020309656028192815, 0.01741020960126554, 0.026081238607171913, 0.09300436581932436, 0.15664866035763506, 0.17678536844665468, 0.06221587389912799, 0.08896800441655203, 0.16876384033450287, 0.18981278248957265], [0.2817156007224529, 0.007588030629019935, 0.07997657860373024, 0.12380485900676308, 0.11063239415115587, 0.02473050066485355, 0.24571923713695945, 0.075103295589046, 0.004814687682838661, 0.045914815813180285], [0.07140645761888674, 0.13175676510286238, 0.0588003907558559, 0.0015785218370042563, 0.0854011287147382, 0.29122049741249056, 0.21844876767460958, 0.013465192421526257, 0.02437644183995742, 0.1035458366220686], [0.046482357932342476, 0.05611005157075276, 0.11516873037496154, 0.13348726339819955, 0.10682100532829943, 0.024670260661214027, 0.13863372494365078, 0.14173117774024474, 0.12427929676193782, 0.11261613128839694], [0.0060463964428912765, 0.10280982903097155, 0.033983690659363776, 0.021897544131139604, 0.20045125510428438, 0.10779050273819138, 0.032122883097756884, 0.1028477571709433, 0.29142427082868, 0.10062587079577769], [0.22017680285967417, 0.06827738008798864, 0.03196774425661832, 0.09892279238606029, 0.06476975791555432, 0.1954916833680658, 0.08491384385012775, 0.10639255000033493, 0.03282278685795055, 0.0962646584176252], [0.03200840518484097, 0.03745597722473592, 0.004719324376390629, 0.03769290240274368, 0.08996412513540268, 0.13812462789158725, 0.21266129758006236, 0.25242340429160237, 0.09464058154284864, 0.10030935436978565], [0.04698025998094765, 0.05472970079379723, 0.04910829076465877, 0.15398253089780592, 0.06901957790699247, 0.07926840167831248, 0.19162677731928818, 0.04494064437852565, 0.06857975834415701, 0.24176405793551456], [0.11297179809332603, 0.022938588164079034, 0.10000708069920136, 0.0782166485329239, 0.018502137451477774, 0.11696283614903097, 0.18734142174967605, 0.06444106624728081, 0.2362727611095316, 0.06234566180347238], [0.12088308549741429, 0.040827051948098145, 0.07524309739125074, 0.12573395167513646, 0.01571217589398635, 0.08604460811688351, 0.2712905590738351, 0.03147054625886827, 0.00386463441785332, 0.2289302897266738], [0.17473066584613348, 0.04684964615054178, 0.07717543769147406, 0.053777810055287645, 0.14109449256549952, 0.08522298640273945, 0.09169837220303031, 0.2648533227639251, 0.015598918908386088, 0.048998347412982576], [0.1061409574333526, 0.3548700374831926, 0.13533771790110663, 0.008236411528729084, 0.16338666257862186, 0.01699534155305307, 0.021113207521896618, 0.007662255617653977, 0.16980653101508303, 0.016450877367310542], [0.011617623650504002, 0.1292525854757666, 0.08426967786226607, 0.06067235689722564, 0.08153760772267458, 0.05592951103284243, 0.1649941194460833, 0.20946147431080397, 0.11700229289424045, 0.0852627507075929], [0.04737555241173001, 0.13345673839043443, 0.09602043213485706, 0.14482279287586877, 0.019199885861094095, 0.11991745880245175, 0.08491084116241714, 0.25819591600133746, 0.0013419566244799014, 0.09475842573532937], [0.16642231488601478, 0.1242018110432318, 0.16797010327643563, 0.08623983831039558, 0.24492158872321462, 0.0062921650840567535, 0.05510423050677571, 0.02241082076275176, 0.0902014871720946, 0.036235640235028906], [0.027336790487604755, 0.09216896430788889, 0.01837778133172776, 0.14672411267545454, 0.08037433507147333, 0.04872541407087878, 0.09883038332067154, 0.11372274281524364, 0.1215733541913902, 0.2521661217276665], [0.010153434893482317, 0.14723494215857277, 0.17559467297929426, 0.00927206860695427, 0.009996560278012713, 0.030243723275757903, 0.1549056102368327, 0.22560317416421052, 0.1379424209261531, 0.09905339248072936], [0.17518170788328888, 0.10257436761708945, 0.1818345741023646, 0.0402265232089327, 0.11837140637098556, 0.03048309509449784, 0.11384893998731851, 0.05274984583988153, 0.0558774466492211, 0.12885209324641989], [0.30530461718025437, 0.12274819741618298, 0.05142620612978183, 0.020692913725330702, 0.15091814445561505, 0.06117307588777701, 0.026644560528896303, 0.13216330049552472, 0.024204914674277215, 0.10472406950635989], [0.09904066983126869, 0.03161297140456244, 0.10857458268354317, 0.01797765379925102, 0.2496098593780473, 0.08405573278295995, 0.0038567436545901674, 0.08927877211604121, 0.05497058438691627, 0.2610224299628198], [0.1590639891490049, 0.10038972362062376, 0.1643676731911605, 0.0023603527034116102, 0.12809007561063138, 0.09861352058127319, 0.09746318112575697, 0.05192396534313251, 0.036737703979855166, 0.16098981469514997], [0.04887252370045094, 0.02114558194344203, 0.12034420949056505, 0.04037724599459399, 0.08987901289546622, 0.2783480688545348, 0.04241296962599253, 0.2494663114102283, 0.055672469452527996, 0.05348160663219827], [0.01605198654781797, 0.06446059093144599, 0.05947167213664516, 0.0016595565254209233, 0.0016114303823209011, 0.1477225960997301, 0.19445821659227452, 0.25320398328685445, 0.20113788584872172, 0.06022208164876826], [0.03331434195762081, 0.18950766835640293, 0.04832050076929347, 0.02153255334300139, 0.13989102371390522, 0.13111462273378416, 0.13452950157530463, 0.13793459678732775, 0.11450246418490825, 0.04935272657845135], [0.1735272634914633, 0.08719863475023676, 0.11128405515056852, 0.1118498690151601, 0.06513758523240831, 0.08999277317934104, 0.0072199611771572286, 0.029645983236031005, 0.15536926269536383, 0.16877461207226968], [0.1503188856226264, 0.018994592197194956, 0.17554701435329595, 0.10839962689389272, 0.00486101398368727, 0.05245422270790505, 0.14028760118483183, 0.037397734937590243, 0.13031780619623876, 0.1814215019227368], [0.09808260917723674, 0.20851091164327046, 0.17428292110648322, 0.006826237499468141, 0.04313158161517481, 0.09013820958586029, 0.05585342119340456, 0.08251186637593234, 0.039008364139825384, 0.2016538776633442], [0.024024964050531974, 0.05557991365933929, 0.20030471211347822, 0.023924694572365086, 0.20182841853351416, 0.10962306849215318, 0.13878353684894673, 0.11236996070654333, 0.03547962482115962, 0.09808110620196843], [0.0981881359149905, 0.006662394836146304, 0.005204656391496013, 0.16201518008902507, 0.013982289411072216, 0.2054739658825197, 0.15593106675732551, 0.2808607789264953, 0.01470105435096629, 0.05698047743996313], [0.1177550963916469, 0.01525560029980363, 0.13176615621998397, 0.11089026788469233, 0.05306283064677299, 0.014870884203352832, 0.06189062548130714, 0.4560874075791424, 0.020820858953217655, 0.017600272340080134], [0.03181033661301545, 0.2995418453985277, 0.038781421041780055, 0.02758646942473232, 0.09706550032031123, 0.08071116989547404, 0.11311711203623159, 0.019051527820746594, 0.16866833560062158, 0.12366628184855957], [0.12753496277738627, 0.12174532129436655, 0.08858440025224144, 0.17987659492159222, 0.02049785567790142, 0.015778245591354823, 0.19945079460177567, 0.022641887721911055, 0.04076176704553418, 0.1831281701159364], [0.1104278086896739, 0.09256842051588703, 0.041561700569704166, 0.061155372611519584, 0.17885237197361828, 0.013332809500044887, 0.08592634499506055, 0.027206821312238626, 0.1061834242724735, 0.2827849255597793], [0.12183454151833922, 0.2519570854540609, 0.05853712902872358, 0.07983332071541638, 0.025653393606849324, 0.12703618033813005, 0.04256698429367825, 0.07123738579586952, 0.05058976075070624, 0.1707542184982263], [0.02125908278313192, 0.09191794211439178, 0.4011533535412088, 0.029258599773542657, 0.019784635633206777, 0.08478582355913564, 0.06405801692461913, 0.029661959531300137, 0.11718028329117657, 0.1409403028482866], [0.33910630713955797, 0.148688613592155, 0.01606585282795288, 0.07909299934668246, 0.05245593099962403, 0.03496753903551132, 0.037018846538674446, 0.1000740142210616, 0.1524393590299456, 0.04009053726883472], [0.04007812789546756, 0.12565353211193306, 0.013942922161273076, 0.04881272720889941, 0.13456677109916101, 0.1745695024728795, 0.21584053243621232, 0.028061066934832977, 0.11499074268579602, 0.10348407499354526], [0.1683714591215099, 0.04664643111203946, 0.06534608900140869, 0.12133998780881457, 0.2885186000589356, 0.04419146975089606, 0.09726888065944134, 0.07787840568595643, 0.056395780380666824, 0.034042896420331106], [0.025796943125640657, 0.1621725287075355, 0.13979947100440063, 0.051069386397287315, 0.05376647184708357, 0.038137264366861295, 0.21691553925515597, 0.061864392814993625, 0.11334152812336509, 0.13713647435767626], [0.047668105801719825, 0.058926532204210916, 0.11187226830310051, 0.11487525740697739, 0.19806646395996744, 0.0843943228560465, 0.054225837951683856, 0.1670956850232426, 0.060646913583386856, 0.10222861290966417], [0.03672893007190533, 0.1598847448417105, 0.00954265057203381, 0.09059813864557016, 0.051251583468235495, 0.20344719964027472, 0.07819976594285438, 0.11119114446138322, 0.20846545345366743, 0.05069038890236502], [0.061165122107653486, 0.012389351088040023, 0.17099674545189258, 0.1143603236473019, 0.03254488060126347, 0.2599021868382605, 0.19485284327966204, 0.06381520660480082, 0.06612961091579583, 0.023843729465329498], [0.13964443008296634, 0.03733064259187783, 0.13564997244760982, 0.033479211586773736, 0.09343073212986075, 0.029448889588476378, 0.017444729747175775, 0.20428070935643722, 0.04078837582204239, 0.2685023066467797], [0.18127671652720811, 0.04106883072080707, 0.06901127982376447, 0.07982954384311401, 0.03576809363414972, 0.16311086018483664, 0.008687028148517784, 0.005655237059303709, 0.3102981461891518, 0.10529426386914671], [0.16721008270824983, 0.11904672037283572, 0.14212283355441954, 0.1305114810892764, 0.061686455732116174, 0.019135125589801082, 0.08244238676334575, 0.04894782567159452, 0.03807470736947998, 0.19082238114888092], [0.09612072883690823, 0.12569040512170251, 0.22198183224851584, 0.0400389561320415, 0.0965280975384328, 0.025155224531305944, 0.12744914323062223, 0.11747318758171289, 0.07948818781933772, 0.07007423695942015], [0.14680000844095697, 0.12040533375574476, 0.007855914171771847, 0.004867181274740599, 0.1734899307666545, 0.025370940750368595, 0.02814003629131203, 0.03133739022343911, 0.2761327345260716, 0.18560052979894004], [0.07772053946609951, 0.097087922430684, 0.25871890444604106, 0.08888121994955854, 0.024526906035226222, 0.17715475493214944, 0.09210467348698745, 0.030826484452628162, 0.0792186203963327, 0.07375997440429302], [0.08087107380670241, 0.027514458377927906, 0.016102300018933705, 0.0556112357846211, 0.1708714763619075, 0.11097832395691493, 0.01738454409686737, 0.03981242462636308, 0.19447555041355646, 0.2863786125562055], [0.08214376209122698, 0.06789734995573499, 0.1415360699567386, 0.23987212284193782, 0.10675456873918023, 0.14525526604410566, 0.004984069177641451, 0.050112249964432136, 0.13027420308389356, 0.031170338145108608], [0.3399057508047324, 0.18873119571525354, 0.15597085699106453, 0.03058230019111842, 0.005980468402240993, 0.10497231512865407, 0.0039589127593021925, 0.03884998326193926, 0.019833015036191764, 0.11121520170950264], [0.09862101965223524, 0.09798633764759278, 0.17297305403727917, 0.06965351588605823, 0.03272033044302395, 0.18120477769693177, 0.142246444448044, 0.08032290397768534, 0.09246262081030031, 0.03180899540084934], [0.11861914244406407, 0.12442431266572278, 0.08572386634831906, 0.04247235973896411, 0.16142719832205932, 0.038807697293916775, 0.06957358154384691, 0.10714465462760596, 0.04283120377717099, 0.20897598323832994], [0.1194814366718946, 0.05396240787718259, 0.07354049584886642, 0.04168370923279265, 0.08479148314066262, 0.10792864210700406, 0.02464412688973765, 0.19173530712906037, 0.17708764906116167, 0.12514474204163745], [0.012105416468970872, 0.1285950931702775, 0.0369740978556552, 0.06690029507009822, 0.02866193315754791, 0.07374691909128564, 0.26832638900290634, 0.014507024138558644, 0.22782321410391304, 0.14235961794078655], [0.12466692688020586, 0.05292569539484549, 0.13878178849187237, 0.03888551049372394, 0.2640139716475898, 0.01016331214967809, 0.11371128297073695, 0.1391785110157219, 0.05506471607527548, 0.06260828488034986], [0.009956955787891774, 0.05256727895620198, 0.1023384067393198, 0.15603979393136608, 0.12177888937143895, 0.034713450145947046, 0.09757692316077862, 0.012154039267390967, 0.24794371380676916, 0.16493054883289548], [0.17506555787422046, 0.03542805982952683, 0.0011050859449457954, 0.13139258184336583, 0.07025568117208579, 0.09944308064816777, 0.13190165016782993, 0.10900848520481143, 0.0513059070506954, 0.19509391026435086], [0.1099954060924995, 0.2196615418994874, 0.1298591071899459, 0.05089259644065467, 0.07834542588588592, 0.0017663379330143103, 0.07138354500824105, 0.2038824976230964, 0.12079057609648435, 0.013422965830690563], [0.01873521141441136, 0.040811156678323475, 0.2220136785821567, 0.004589178770314591, 0.20965137693111136, 0.03208942664663227, 0.00399678829159574, 0.1318979784824013, 0.059207904275268536, 0.27700729992778456], [0.03307524285445857, 0.18787208260558727, 0.1265429193633604, 0.009645732537383886, 0.27955137604641406, 0.005838053880119676, 0.14593919294362423, 0.03661832291036132, 0.1401482660061679, 0.03476881085252272], [0.13899366371843694, 0.14137811837639166, 0.0565681585896336, 0.06575066423657233, 0.13956732716741413, 0.11328306060326505, 0.014844610514950698, 0.09948267189573531, 0.07569150014002757, 0.15444022475757277], [0.10490026738220758, 0.09031739563507062, 0.11453682722228149, 0.003393266683608931, 0.18214293368019224, 0.11775206038959644, 0.0368876992426574, 0.036869626763141414, 0.27041429019193947, 0.0427856328093044], [0.039524789017377444, 0.12366714540286372, 0.06822668429457544, 0.1753461089230394, 0.06123248905830651, 0.04919475544545614, 0.197409104382696, 0.09071351843937707, 0.12949695151984933, 0.06518845351645888], [0.14692206490401577, 0.1641432702158787, 0.020621400499212423, 0.22277293763190287, 0.013078371791712383, 0.004391649436632333, 0.06328644059230779, 0.12293894141425173, 0.1044895332255547, 0.13735539028853136], [0.30402401272508073, 0.0787631675133774, 0.15203707976718137, 0.05594730548373945, 0.045185189688025144, 0.15902270746789765, 0.1373977438637817, 0.0032846402121807475, 0.005418506855273441, 0.05891964642346227], [0.07658284644265485, 0.2355982114442303, 0.06151647882917786, 0.020884634742675826, 0.12856560719338703, 0.1899251791271899, 0.025464533507471465, 0.11930488798376065, 0.0189109851550605, 0.12324663557439164], [0.06129398714303161, 0.142457014116319, 0.14644592801407352, 0.17303394393485155, 0.1917168564375227, 0.015048858064728587, 0.1158793256791723, 0.02538745558921731, 0.023175226595320564, 0.10556140442576292], [0.10107572243787412, 0.18374865987865374, 0.07235389595640364, 0.13598687636239368, 0.03557157761012054, 0.04127464701366053, 0.24462596103749285, 0.0979152786036218, 0.07765739912096561, 0.009789981978813514], [0.07724501523915502, 0.12098874426072809, 0.04775113412691493, 0.09793254230338261, 0.041256998213393, 0.08065949966095973, 0.04916438277328534, 0.3890629854264832, 0.07020262386376883, 0.025736074131929396], [0.21180157067281857, 0.12382584556601398, 0.0471945124192299, 0.0021186178312588926, 0.1395790136668858, 0.10261483205366159, 0.05264443205318835, 0.0572528411422705, 0.16886667362631783, 0.09410166096835447], [0.06630450439483619, 0.034704305355140116, 0.05217017070692528, 0.033895658588554964, 0.16486303173808764, 0.09689532166841268, 0.1629191474281902, 0.008937147018568101, 0.2374902659780982, 0.14182044712318667], [0.18159677590833523, 0.1419559751361355, 0.08156235044997688, 0.0005831329547145353, 0.13314758135047974, 0.11089331814126405, 0.06297173686844963, 0.15771161186102897, 0.056230215036239706, 0.07334730229337583], [0.0407130866940656, 0.0020926615093402505, 0.03228406487797622, 0.025776367784507332, 0.3343536579847651, 0.0913168920684834, 0.029556025032811097, 0.21934480013254629, 0.08070702685887847, 0.14385541705662636], [0.10992688192714857, 0.05029651569774943, 0.31026028266770717, 0.13544432749358523, 0.02197870429008186, 0.13782088497375047, 0.062105794548620065, 0.07230790312924369, 0.05490136357013535, 0.044957341701978244], [0.07183449136399894, 0.056469765217379266, 0.022528661722361832, 0.10541241165014746, 0.20084988830603645, 0.0026612452791516215, 0.12626901515104702, 0.059019169098340755, 0.35444376568708846, 0.0005115865244482072], [0.09226765189056842, 0.058672161191829025, 0.054154730591094005, 0.11982527894930858, 0.12024289805337644, 0.12130329719357484, 0.07226238671732545, 0.049613840771412614, 0.02487078696286834, 0.2867869676786423], [0.07363588150356729, 0.2514235058539559, 0.05999053061199287, 0.16342229490108132, 0.06317338077566913, 0.06376063203566304, 0.11078021263412599, 0.008526649642922749, 0.09060362210945468, 0.11468328993156708], [0.02040879572812206, 0.07228194954307175, 0.09810928420503286, 0.3228598336777581, 0.07376475792842878, 0.13665507864341941, 0.08488813859654629, 0.03719584069652711, 0.11429252885728616, 0.039543792123807375], [0.03860712676414669, 0.09687704745908837, 0.05870242948928268, 0.20241360248986026, 0.07025821458422767, 0.10402039850552622, 0.15580259047280207, 0.02666979503837589, 0.05055460812914441, 0.1960941870675457], [0.051131876004301406, 0.04958449675666824, 0.2538010844428874, 0.09529592020922471, 0.058562164557159256, 0.09281118859494307, 0.11045375100240655, 0.08341602685671078, 0.1646796791216049, 0.04026381245409373], [0.17945225866148856, 0.015092469306435114, 0.15666667817622476, 0.044428167419050965, 0.10339729205044744, 0.14941168311328087, 0.08140856711360434, 0.05156104071986464, 0.05198937036848051, 0.16659247307112288], [0.005812955235919937, 0.0580908668048818, 0.11248573565965263, 0.0462557446317466, 0.30688815812533105, 0.0008748614101328483, 0.07620428717469271, 0.06861829268145281, 0.1457338129456826, 0.17903528533050694], [0.16917198490520333, 0.13431901133210733, 0.016560062996231098, 0.05502648922150627, 0.22393515510461626, 0.160052796251036, 0.021409134725452323, 0.015471121852709841, 0.09582085142460835, 0.10823339218652912], [0.0064801191292479365, 0.18364344900567517, 0.1844405841282725, 0.1629753485900584, 0.005881300166418033, 0.06877664327399935, 0.07963155392160635, 0.13173262720385154, 0.06746879678488338, 0.1089695777959873], [0.11129601896119586, 0.15350434048082823, 0.06553364526988059, 0.00035000096622339643, 0.03562583438199471, 0.1488000614258892, 0.06798901730307405, 0.03547198202409986, 0.3789317089095625, 0.0024973902772515324], [0.05933633588047382, 0.14287483982979804, 0.03379918568293282, 0.13002120234546005, 0.029286619892679073, 0.08652880849421321, 0.025890859713792916, 0.23358307623102198, 0.10741354189685616, 0.15126553003277218], [0.14489239163084058, 0.010722498397491327, 0.0900735633655214, 0.08931960633070955, 0.24447712728909876, 0.05581363392049744, 0.30665081498637903, 0.006378882774714492, 0.022406783407020747, 0.029264697897726608], [0.05217012638529251, 0.052066886081318875, 0.06171973222229234, 0.13807962042283442, 0.1401688211723222, 0.19512219560960645, 0.03654254833437768, 0.10359081489005224, 0.1464458800661546, 0.07409337481574868], [0.04187386946283989, 0.16029968582532714, 0.0019498955895064733, 0.3283940588629768, 0.12989924357356072, 0.17561887786709185, 0.029413116634253087, 0.03698084007293485, 0.016096704918848122, 0.07947370719266111], [0.25195514542854924, 0.22552806786259705, 0.05437826665803118, 0.04597796900255705, 0.008781729059247114, 0.02601804634884129, 0.02272501253777097, 0.05517231852705452, 0.1977929889567483, 0.11167045561860309], [0.14077970574569829, 0.22280163967503092, 0.012295013111322653, 0.15061773214614216, 0.2014153895344215, 0.10585854758326045, 0.10115452573687071, 0.04776639546900228, 0.0009058504344840491, 0.016405200563767115], [0.09743497564192284, 0.07859703598848995, 0.06548871402434363, 0.1870489503907338, 0.03567868964914239, 0.09384069640684838, 0.1008588104683642, 0.01044854962261271, 0.1770946109915235, 0.15350896681601855], [0.28574776920662165, 0.15588033127898326, 0.013428084455668147, 0.15277175419982975, 0.0012612984932097648, 0.00368834238725118, 0.05663066208333716, 0.05185670449292968, 0.16635114407097304, 0.11238390933119624], [0.03570699104672687, 0.18974575285128495, 0.039311253888890285, 0.10257835384338103, 0.11583741712021771, 0.013302953213825927, 0.06591641194820237, 0.23957951213997714, 0.12029227297203376, 0.07772908097545983], [0.008846935115841292, 0.013444043129603716, 0.2509639854518699, 0.04847625136563543, 0.24415767640368732, 0.143869145450423, 0.044065830667969985, 0.037015976817673275, 0.07021283970207921, 0.1389473158952169], [0.017337691044333484, 0.08200296823145721, 0.26258439145391, 0.04183390657391399, 0.014779609649819928, 0.28208390954383344, 0.04288393000652349, 0.05756891501561122, 0.0061807204446474705, 0.19274395803594982], [0.04657769270319837, 0.07690592771892263, 0.03211742207620162, 0.08222503001789301, 0.043051771999579116, 0.1772112224586579, 0.12877412457114687, 0.08335838029193683, 0.19046347123941906, 0.13931495692304455], [0.07260698873370132, 0.0715415860185323, 0.08973266025657566, 0.1053793409636941, 0.14131194082983634, 0.013033923865919316, 0.09590111102422917, 0.16408609668541782, 0.20324474055512756, 0.04316161106696649], [0.24988614899783093, 0.04262673929735453, 0.01703028516669239, 0.08210160988077689, 0.08533404102805289, 0.17109624693436418, 0.1318106805330132, 0.017582208279779736, 0.1319373216180498, 0.07059471826408537], [0.1408423965657913, 0.016579491446208593, 0.020074106701982054, 0.21016604833586744, 0.10367837556271148, 0.04596697013408493, 0.06494483169163849, 0.11133088863794689, 0.1828515141352196, 0.10356537678854899], [0.07549290491251882, 0.10820778567267614, 0.1833209209289664, 0.11163700413957554, 0.026377002237763368, 0.183565620054382, 0.1136125906495172, 0.05026796351751017, 0.055471704472653434, 0.09204650341443693], [0.06911069022141755, 0.10953212370076468, 0.06305568672929872, 0.04008779635810051, 0.10055941393369422, 0.03631247840848486, 0.07346109549217905, 0.25659911517023154, 0.09969837181348958, 0.15158322817233924], [0.1866386377025641, 0.051593481626799324, 0.1260096649505055, 0.012293456569395015, 0.1639097655699394, 0.13378636353286322, 0.09655012803141091, 0.13715135436623274, 0.02435590207686372, 0.067711245573426], [0.005128021955505148, 0.119851387400545, 0.17599876900977438, 0.08944903443842074, 0.1327366289796172, 0.16134746415016474, 0.11028730918330161, 0.01809783630769751, 0.08208990587244057, 0.10501364270253319], [0.018889202331134863, 0.10497500001349065, 0.167690299731862, 0.08214089779473434, 0.21845858053224493, 0.008160063182315009, 0.10050087271731989, 0.08098662348014295, 0.15468202919038473, 0.06351643102637063], [0.058459385846705084, 0.05158682914733115, 0.0637146368325287, 0.2164079871488192, 0.14011020668621618, 0.05204580283684685, 0.1451486049808153, 0.19043834631247125, 0.06827623898952952, 0.013811961218736719], [0.08049595948988215, 0.10745740922368466, 0.15023102897968774, 0.06826111859690359, 0.34811126610531795, 0.0028563815352612436, 0.06742263806924566, 0.013010708637672239, 0.10639708869759527, 0.05575640066474964], [0.04313684900937588, 0.14452846495684302, 0.03940260862562744, 0.07219643476427735, 0.12854633471396038, 0.10792706458601681, 0.057419275857206666, 0.09505315964237304, 0.13661637082504466, 0.1751734370192748], [0.16430836331845336, 0.04469270414620214, 0.08903060018555042, 0.004165202531562096, 0.012638928708161424, 0.24170937258342778, 0.18009262435020362, 0.012245586461907241, 0.09379103010216783, 0.15732558761236407], [0.1747222989484392, 0.20434699725174849, 0.19710903226036441, 0.054608234579973165, 0.03697047506656507, 0.0863566684750065, 0.16612565312516514, 0.04954574448850157, 0.014137709811501425, 0.01607718599273479], [0.13328869102798135, 0.18091528548904373, 0.14720788306917082, 0.02531446189849877, 0.10150056460271688, 0.13219550903490693, 0.010394258524037197, 0.2221171356146214, 0.0006679242387414665, 0.046398286500281445], [0.14323907686494985, 0.059691788961031424, 0.05405300033760074, 0.14561241363142907, 0.016850972698762737, 0.19529906745923598, 0.1387979261999404, 0.10508995008896498, 0.014564182727759604, 0.1268016210303252], [0.039513240160683506, 0.006080833999331003, 0.1084929050292478, 0.06847300010361358, 0.06968490123302686, 0.1012095309018643, 0.24683731162176117, 0.11559651194099155, 0.07711033802256798, 0.1670014269869123], [0.11387704847868149, 0.0023808659683006413, 0.06594682247227307, 0.11379129704299196, 0.06518732252494085, 0.22017840882684422, 0.05493636521703858, 0.07328527928997648, 0.1620450941990496, 0.12837149597990327], [0.06624609493273516, 0.014855521948476976, 0.09344821407813385, 0.2159871221163002, 0.1423691211582122, 0.07058368625553407, 0.0869664264524307, 0.020250131966399777, 0.11076323035105197, 0.17853045074072502], [0.0076105650515195505, 0.06371809719208285, 0.14059973978129567, 0.027074733903164516, 0.1269321429629474, 0.1622208381631657, 0.16515034584377372, 0.009021572209189317, 0.187706584700488, 0.10996538019237333], [0.0343566355341145, 0.1706419703571122, 0.0012878485818746694, 0.004515158565722295, 0.10189498464183554, 0.20381417784278957, 0.14029648999371305, 0.049605790624407606, 0.12383576282959047, 0.16975118102884026], [0.0820786546706004, 0.15701650101621578, 0.10635711011281422, 0.14437999467202545, 0.12272916811553888, 0.20133713422745336, 0.029986932035176696, 0.02353714044820514, 0.027152612811704425, 0.10542475189026555], [0.012598457129201174, 0.14964150467469325, 0.10049603730629711, 0.04906270432068944, 0.031999472229080145, 0.046714841806973, 0.3015746429901971, 0.02691340474865571, 0.2606634578154106, 0.02033547697880246], [0.040626700202056734, 0.020058076803907154, 0.11598547699403235, 0.19560381155933698, 0.09121272616951571, 0.01073829978363013, 0.049268779681804625, 0.2314971067611583, 0.08249030034837107, 0.1625187216961869], [0.09907497387707834, 0.15319499799739772, 0.0728157444024865, 0.2057084955498021, 0.004045763214463233, 0.1554505218650032, 0.09262266893764912, 0.029131718675733262, 0.11176986803470221, 0.07618524744568436], [0.2207975408804116, 0.0027968643920359463, 0.027623273240857903, 0.015946551242488574, 0.057104090874822586, 0.08129129355150547, 0.11236043019745767, 0.22286429618139783, 0.1012467054364864, 0.15796895400253605], [0.10659246440785679, 0.05191119438906235, 0.05747927996753684, 0.10803402134864762, 0.20622537833366672, 0.05792177046502654, 0.02719788013665573, 0.16641323839593944, 0.1745734938679278, 0.04365127868767999], [0.0918715020626483, 0.10961601657031855, 0.1119858202863347, 0.09896909043172589, 0.03539759074550354, 0.0739987518017555, 0.1400454735267344, 0.0727574817084526, 0.21846600195919877, 0.04689227090732789], [0.11350869423577635, 0.13983029945471687, 0.09684137200537475, 0.09347095249010928, 0.07798919003894596, 0.1724584215363167, 0.06145663987342328, 0.05768765513139913, 0.06848249866713176, 0.11827427656680599], [0.14560376579536385, 0.09326269930436654, 0.16196831617792257, 0.0573153053172506, 0.17535350162619512, 0.0796993794102594, 0.028569082382312285, 0.07008580240576662, 0.13818748280786403, 0.04995466477269909], [0.1076225889873541, 0.07956884503650478, 0.2892437089445793, 0.042734140998277305, 0.00018185509684233515, 0.05454153686849857, 0.0373140844624667, 0.1350046144277172, 0.05973641930292099, 0.1940522058748389], [0.1386753279002363, 0.04123510525611311, 0.009185859386560847, 0.04749766770458015, 0.11319065380411351, 0.04727064542625198, 0.19298195149807504, 0.13832480257213264, 0.1314525273835851, 0.14018545906835136], [0.11069730407496112, 0.05811975709297415, 0.21847427275964598, 0.19655271932935967, 0.10493795202844644, 0.1086533219455698, 0.0327958025137924, 0.09303678570885755, 0.07260576745184474, 0.0041263170945481965], [0.03833303911554741, 0.059291479669956744, 0.15273223603911637, 0.01292507829766067, 0.09332502387087797, 0.2048516465510916, 0.029202483988132303, 0.23877707564702533, 0.13088805192883238, 0.03967388489175938], [0.15114846257403713, 0.22852335614899405, 0.0014021801770264433, 0.031275268020219654, 0.028681516205813277, 0.19220235132770924, 0.08776985788392007, 0.024726986970061586, 0.238974994715832, 0.01529502597638653], [0.22700532997859094, 0.041444682043290035, 0.02308749164144862, 0.22325011612642753, 0.028021889076544966, 0.02125929724160614, 0.07890957368247106, 0.13239052928022463, 0.150581193445983, 0.07404989748341291], [0.12180613452838628, 0.04025168677497895, 0.05211531857786787, 0.1414573100557632, 0.11028213789636629, 0.0843247215648523, 0.12639198926710937, 0.013205134238953975, 0.06968719714613189, 0.24047836994958988], [0.13782519322175113, 0.03140168548014604, 0.05642591321162089, 0.0396905850973804, 0.1895988954511948, 0.1976522256339394, 0.221054082184153, 0.053992597074119034, 0.046063665067719986, 0.026295157577975344], [0.14446765998407263, 0.022486217822612346, 0.08944322209504123, 0.2656358820560884, 0.06920543379984766, 0.19458796475831547, 0.02386043686782043, 0.09082661465443029, 0.018804262296476654, 0.08068230566529495], [0.06895852009890956, 0.09200193921374242, 0.1434514287626347, 0.21800667573353041, 0.10128417483773071, 0.062247134146723615, 0.010024550317203522, 0.14163393119472006, 0.09985601060891877, 0.06253563508588632], [0.08327585668317833, 0.007120250864009821, 0.20755916339655026, 0.053793602693782167, 0.053606052371235134, 0.10154440616321335, 0.2345356182344203, 0.05594240624028228, 0.05759088391568469, 0.14503175943764368], [0.0529823301827484, 0.13471357813447557, 0.27700305453287133, 0.018877453481468527, 0.0546786783212297, 0.06401634564808124, 0.1121249210038332, 0.16026213021735825, 0.12290033650431871, 0.0024411719736150655], [0.01825599631296601, 0.14223493934877285, 0.02575329386866992, 0.19239675736593817, 0.11404128312182009, 0.05030899729467283, 0.14415837324179498, 0.014597566775201137, 0.05960540051455981, 0.23864739215560418], [0.004065755726704729, 0.06992349297664535, 0.0753994174574716, 0.16891608519955104, 0.059435720064504954, 0.14737447662079417, 0.20051729108636074, 0.18108079197719135, 0.06210839069547574, 0.031178578195300424], [0.023081360178159108, 0.2985101035412729, 0.022061074716176653, 0.03503647179841596, 0.06995927218808078, 0.015447983314298279, 0.06785954142950257, 0.10053985860312042, 0.10454465502184355, 0.2629596792091298], [0.061827647480381775, 0.03841856985976091, 0.1564060570549667, 0.07969367851127214, 0.162447996479947, 0.12161747071773413, 0.08568790252003725, 0.0736479561334618, 0.20581958853866295, 0.01443313270377534], [0.03114408973206344, 0.06358364783594465, 0.0470444825749872, 0.16328905705842828, 0.006239178002677467, 0.3277297016242396, 0.06386955353217662, 0.10837356900742018, 0.037314328178694796, 0.15141239245336766], [0.18668633934619522, 0.15491780418284082, 0.03759323807426035, 0.10678813673980284, 0.035524450054049354, 0.19638310160661868, 0.13445712485080896, 0.02754211414964922, 0.08237441997521947, 0.037733271020555126], [0.16549281111085237, 0.13959800587445106, 0.02029013323897198, 0.2760455644273214, 0.059396624491332456, 0.01603699851563476, 0.046225358432728486, 0.08555943382409587, 0.038072844371607836, 0.1532822257130039], [0.006649845849555902, 0.12671106314524583, 0.11143037029536021, 0.16071295598358018, 0.10108904361455762, 0.0787824780674592, 0.07362043483892777, 0.09012115119719985, 0.10130713254109439, 0.14957552446701908], [0.12724619230505432, 0.1445910497383064, 0.07901510292001913, 0.06120473581187148, 0.01808017417812716, 0.1785405838816068, 0.04215884024243933, 0.1128076263292563, 0.13391866548593964, 0.10243702910737951], [0.04588077859796202, 0.049760730166128156, 0.21698518594428026, 0.052423530083592886, 0.2141295583657905, 0.06720572056406768, 0.09753947606864202, 0.1229321805983898, 0.08704132381793414, 0.04610151579321262], [0.047663686868520044, 0.19159517290388878, 0.0644777337196722, 0.17893729148284424, 0.023615681720594976, 0.11029121782948978, 0.06860236838037014, 0.09474794408561929, 0.07245640628380175, 0.14761249672519866], [0.23670104196355826, 0.18370033377697936, 0.08769627002871734, 0.08447976320299555, 0.018531867897891418, 0.029486577808059057, 0.07483549421638538, 0.04396422168871478, 0.22074024373966633, 0.01986418567703248], [0.028041118477211344, 0.26008353757278463, 0.1780518251644697, 0.0371997318976017, 0.09155347458444878, 0.20751009675268736, 0.007500558429139069, 0.025432876745961886, 0.08412599433275378, 0.08050078604294188], [0.19478967636305505, 0.18402924094528, 0.13458174942044726, 0.04115954845238893, 0.05549836529226243, 0.06818818948003208, 0.036045507877751015, 0.15549468491053767, 0.11553963967670532, 0.014673397581540298], [0.04688171001793692, 0.14281890976525688, 0.024664259671049415, 0.193126239174734, 0.3300316112694573, 0.002241318607594542, 0.011054165077690234, 0.06874905322128662, 0.025813488879340634, 0.1546192443156535], [0.12579874918704503, 0.1745622000931419, 0.012854015442108088, 0.08519504776290775, 0.03396786094501212, 0.0009431790928950536, 0.11861731201310674, 0.1862794497383806, 0.020836047384334568, 0.2409461383410682], [0.14264113173217455, 0.11322736209565946, 0.23088469085437915, 0.06341053125735314, 0.014829080585059955, 0.035247556780082935, 0.10693128335767066, 0.14609872369309995, 0.059854130869494974, 0.08687550877502516], [0.05046209947490425, 0.1754106980726344, 0.17089303889038004, 0.07070134896894348, 0.10914826863433842, 0.05264880661065981, 0.030750541316967916, 0.0855215076369162, 0.1119265638112009, 0.1425371265830545], [0.011825580697564078, 0.14174903408102352, 0.10843561145488542, 0.10946894038210514, 0.08916934327299385, 0.16763617944099288, 0.139754038319704, 0.06472377935417241, 0.07110319080562429, 0.09613430219093422], [0.03931615661772107, 0.1715586099511931, 0.23221113262885304, 0.001147461590170685, 0.02962546628787848, 0.23588493453631806, 0.07765674129122939, 0.01768849298731598, 0.036800143610062806, 0.15811086049925752], [0.19405679078802143, 0.010927578921765185, 0.04113022644331002, 0.15592587297658989, 0.0904131065511494, 0.0316084010860749, 0.08938852029287729, 0.04284617538423184, 0.1620719437334645, 0.18163138382251542], [0.04465671715120548, 0.14463452687218933, 0.026108025035195815, 0.1337549070288785, 0.12583423105582775, 0.053977372178436116, 0.185882974268876, 0.029829846228708646, 0.13989375495642523, 0.11542764522425714], [0.03125440113232779, 0.1480667664581833, 0.14759869636012127, 0.10224680466582382, 0.11903500311327103, 0.040789840303646144, 0.1989895707948161, 0.12683834738406446, 0.0508650361142483, 0.03431553367349765], [0.02130841395479861, 0.10838352470746507, 0.08356318222380414, 0.0665456844125247, 0.0